128 128 128 128 128 126 128 126 126 130 128 113 104 125 124 119 125 124 121 123 124 126 126 124
128 129 128 128 128 127 125 128 129 130 116 116 114 114 111 114 116 115 114 121 119 115 113 124
128 127 127 126 127 126 129 128 119 120 116 118 112 113 113 112 113 115 116 114 113 122 117 123
124 125 125 125 125 129 128 128 112 117 119 117 115 114 116 115 114 115 116 114 115 120 119 122
125 125 125 128 126 126 129 130 118 118 117 116 111 114 116 117 116 114 116 115 116 120 120 120
124 127 128 125 126 128 125 116 117 117 116 114 112 117 117 115 113 115 116 112 116 114 128 127
127 128 127 128 128 126 123 119 117 118 115 113 116 114 116 115 115 117 116 114 113 118 120 126
125 126 126 127 128 120 123 119 120 115 117 121 119 116 116 117 113 115 115 115 114 116 119 123
119 119 119 114 122 122 121 117 119 117 122 120 122 118 119 119 118 118 116 114 114 113 112 125
123 123 119 115 120 123 126 122 126 126 124 125 123 122 121 120 120 120 119 118 117 116 114 120
122 123 123 121 123 126 127 124 122 116 116 113 110 115 115 118 117 119 117 114 112 115 118 117
111 120 118 114 117 119 119 120 120 120 119 123 124 98 92 107 124 126 124 121 116 118 116 117
119 114 117 118 117 118 115 116 118 119 118 120 120 106 83 97 123 122 123 124 119 114 114 117
111 115 113 115 117 116 113 112 113 116 119 119 119 110 85 99 120 120 121 120 115 111 107 106
122 119 118 122 121 119 111 117 114 112 104 104 107 107 110 103 118 115 118 120 117 116 117 114
126 120 118 125 122 119 122 122 126 123 122 121 95 100 92 73 81 98 125 123 123 120 122 122
115 113 124 125 119 122 119 122 123 120 122 120 98 111 107 110 108 105 122 120 120 116 124 122
118 115 106 118 123 119 122 124 123 121 120 122 120 119 121 121 115 118 117 118 118 111 118 120
114 119 119 122 118 118 119 119 120 120 122 125 122 125 110 91 115 125 126 126 126 124 125 123
126 121 119 122 116 119 119 121 125 124 122 125 124 126 118 124 125 126 126 123 126 124 124 123
121 122 118 120 117 114 117 121 120 123 124 126 121 117 111 128 124 127 128 124 127 126 124 124
125 122 116 119 119 123 119 119 119 123 126 125 123 116 109 128 123 125 128 124 127 126 125 124
117 116 121 120 120 113 122 121 123 122 125 124 120 118 122 124 122 121 124 123 122 122 123 123
118 119 121 119 119 120 126 124 125 124 125 125 124 125 122 128 126 126 127 128 126 126 126 126
