128 128 128 128 129 129 128 131 131 126 141 159 160 128 131 139 135 141 133 132 131 129 131 134
129 128 128 128 128 129 132 128 129 128 142 146 145 147 147 146 145 146 144 136 138 140 143 133
128 128 128 128 129 129 128 128 136 138 139 138 146 146 145 146 146 144 146 146 138 134 143 134
133 129 131 131 130 128 128 128 146 140 138 143 143 144 146 146 146 145 144 146 144 137 135 134
133 132 131 128 130 130 128 130 141 141 141 143 146 146 144 145 146 146 146 145 143 138 137 138
132 129 128 131 129 128 132 141 140 139 141 143 146 144 143 146 146 145 144 146 143 139 128 128
131 129 129 128 128 131 134 141 139 137 140 143 143 146 146 146 146 146 144 144 146 143 135 130
133 132 130 128 128 136 135 135 135 142 139 136 137 144 144 144 145 145 146 144 146 143 136 133
139 138 137 141 134 134 134 137 135 140 133 137 135 140 140 139 139 140 143 144 143 144 139 129
135 134 138 139 137 132 130 134 129 132 132 134 135 137 138 138 139 137 139 140 140 141 143 137
137 133 133 136 133 132 135 137 141 145 142 147 147 148 140 136 138 137 144 147 149 144 141 140
147 139 141 143 143 140 139 138 138 138 139 137 135 154 156 152 133 131 134 137 143 141 144 146
139 144 141 139 143 141 144 144 141 141 142 140 140 149 162 160 134 137 135 139 141 141 144 144
146 142 142 142 144 143 146 146 147 146 143 141 141 146 160 157 136 141 139 139 142 145 145 151
135 138 140 135 138 139 146 144 144 149 153 153 151 143 137 160 136 142 139 139 139 140 140 148
133 135 139 131 134 138 135 135 132 134 135 138 154 139 153 166 166 161 131 132 132 135 134 136
141 144 132 132 136 135 139 135 135 135 136 138 151 147 148 150 146 151 136 138 139 141 135 137
139 141 149 139 134 138 135 133 134 135 137 135 137 138 134 134 147 138 139 139 139 143 139 139
144 139 138 134 139 139 139 138 135 135 135 132 134 135 145 155 135 129 130 130 129 132 131 134
133 134 137 135 141 136 136 136 133 133 135 134 135 133 139 132 129 128 129 133 131 134 133 134
137 134 137 137 138 138 138 134 134 134 132 129 135 139 141 129 132 128 128 133 128 132 133 134
132 134 138 137 137 133 137 135 137 133 131 131 133 138 144 129 133 129 128 132 128 131 131 133
140 146 135 135 135 140 135 134 133 135 132 132 136 136 133 133 135 136 134 134 134 136 131 133
138 135 134 135 135 137 132 133 132 131 132 134 133 131 133 129 132 131 128 128 129 131 129 131
