164 166 167 173 179 184 182 179 190 209 102 87 148 57 135 78 13 8 218 206 204 204 203 172
175 179 184 184 186 189 194 200 207 211 145 140 142 119 115 106 91 74 80 214 194 174 91 148
175 177 180 181 192 194 208 211 176 171 161 155 144 125 117 100 87 76 74 69 208 198 135 217
159 159 169 182 195 212 209 186 144 165 171 162 141 125 115 103 96 80 78 73 64 198 191 245
159 178 190 195 201 197 200 197 149 162 170 157 139 128 129 107 98 83 78 71 75 214 223 226
172 194 203 196 194 206 216 159 160 172 164 156 143 139 122 114 101 84 76 73 72 220 255 254
191 206 190 187 184 191 214 160 167 177 158 142 134 123 110 106 101 86 84 74 70 91 242 253
195 183 182 177 174 193 180 180 177 164 156 152 138 132 117 99 100 90 89 86 81 79 231 249
195 196 194 114 190 216 191 165 153 139 135 125 130 121 110 106 107 101 103 98 74 84 209 254
207 198 193 187 212 170 156 173 141 137 123 122 116 111 103 103 97 97 103 89 94 94 94 237
193 194 210 189 151 166 196 208 182 156 156 145 153 146 167 184 178 188 134 92 82 88 96 104
160 192 177 158 54 64 68 82 75 90 95 111 127 109 83 44 172 180 161 150 156 139 112 133
191 141 57 54 60 66 73 80 92 96 104 114 131 100 95 71 184 181 179 154 159 169 138 124
175 177 134 72 69 67 82 90 99 105 124 144 163 146 137 68 195 204 199 191 179 171 170 169
210 191 106 128 133 134 88 109 115 115 119 138 143 135 231 53 244 237 242 191 181 176 176 149
219 177 98 162 133 86 86 90 132 167 134 123 102 235 164 122 103 66 251 250 250 220 219 219
179 154 137 156 118 99 94 109 109 76 127 125 186 173 154 144 132 102 235 230 228 191 201 211
162 137 144 110 131 102 107 108 125 114 106 134 80 183 125 237 54 225 221 221 219 182 187 197
129 111 92 105 86 94 97 93 125 121 113 134 113 120 221 159 245 254 253 253 253 229 220 216
158 101 77 95 79 55 74 64 98 151 116 133 108 123 160 250 254 254 254 249 252 239 215 209
109 106 89 97 71 58 88 49 40 130 146 157 108 77 88 251 250 255 255 249 255 229 228 202
117 92 130 91 76 103 94 62 43 103 161 137 102 93 150 250 247 254 255 246 255 230 223 201
82 57 90 71 72 41 93 69 49 94 156 125 86 71 56 215 228 226 229 229 230 211 199 195
51 61 93 61 69 62 111 64 29 62 146 117 88 83 121 248 250 249 244 246 243 235 211 206
